$ 1 0.000005 10.20027730826997 50 5 50 5e-11
150 608 48 720 48 0 4 5 5
150 608 176 720 176 0 4 0 5
150 608 416 720 416 0 4 0 5
150 608 288 720 288 0 4 0 5
w 608 16 560 16 0
w 608 32 464 32 0
w 608 256 560 256 0
w 608 272 416 272 0
w 608 144 512 144 0
w 608 160 464 160 0
w 608 384 416 384 0
w 608 400 512 400 0
w 560 16 560 -144 0
w 464 32 464 -144 0
w 416 160 416 -240 0
w 224 -240 224 48 0
w 512 400 512 256 0
w 608 64 224 64 0
w 224 48 224 64 0
w 224 64 224 192 0
w 608 192 224 192 0
w 608 80 368 80 0
w 608 208 368 208 0
w 608 320 368 320 0
w 608 448 368 448 0
w 608 432 224 432 0
w 608 304 224 304 0
w 224 192 224 304 0
w 224 304 224 432 0
w 224 1072 224 1200 0
w 224 960 224 1072 0
w 608 1072 224 1072 0
w 608 1200 224 1200 0
w 608 1216 368 1216 0
w 608 1088 368 1088 0
w 608 976 368 976 0
w 608 848 368 848 0
w 608 960 224 960 0
w 224 832 224 960 0
w 224 816 224 832 0
w 608 832 224 832 0
w 512 1168 512 1024 0
w 416 1152 416 928 0
w 464 1040 464 800 0
w 224 528 224 816 0
w 416 928 416 528 0
w 464 800 464 624 0
w 560 784 560 912 0
w 512 1024 512 528 0
w 560 784 560 624 0
w 608 1168 512 1168 0
w 608 1152 416 1152 0
w 608 1040 464 1040 0
w 608 1024 512 1024 0
w 608 928 416 928 0
w 608 912 560 912 0
w 608 800 464 800 0
w 608 784 560 784 0
150 608 1056 720 1056 0 4 0 5
150 608 1184 720 1184 0 4 0 5
150 608 944 720 944 0 4 0 5
150 608 816 720 816 0 4 0 5
w 368 848 320 848 0
w 368 976 320 976 0
w 368 1088 320 1088 0
w 368 1216 320 1216 0
w 320 1216 320 1088 0
w 320 1088 320 976 0
w 320 976 320 848 0
w 320 848 320 528 0
w 224 528 224 432 0
w 368 448 368 320 0
w 368 320 368 208 0
w 368 208 368 80 0
w 320 528 320 -16 0
w 368 80 368 -16 0
w 368 -16 368 -144 0
x 568 -162 601 -159 4 24 S0'
x 540 -261 569 -258 4 24 S0
x 440 -262 469 -259 4 24 S1
x 336 -260 365 -257 4 24 S2
x 451 -160 484 -157 4 24 S1'
x 363 -163 396 -160 4 24 S2'
x 239 -261 256 -258 4 24 D
w 720 48 944 48 0
w 720 176 944 176 0
w 720 288 944 288 0
w 720 416 944 416 0
w 416 528 416 384 0
w 512 528 512 400 0
w 464 624 464 272 0
w 720 816 912 816 0
w 912 816 944 816 0
w 720 944 944 944 0
w 720 1056 944 1056 0
w 720 1184 944 1184 0
I 320 -192 368 -192 0 0.5 5
I 512 -192 560 -192 0 0.5 5
w 320 -16 320 -192 0
w 368 -144 368 -192 0
I 416 -192 464 -192 0 0.5 5
w 416 -192 416 -240 0
w 464 -144 464 -192 0
w 512 -192 512 -240 0
w 560 -144 560 -192 0
w 320 -192 320 -240 0
M 944 48 1056 48 0 2.5
M 944 176 1056 176 0 2.5
M 944 288 1056 288 0 2.5
M 944 416 1056 416 0 2.5
M 944 816 1056 816 0 2.5
M 944 944 1056 944 0 2.5
M 944 1056 1056 1056 0 2.5
L 224 -240 224 -384 0 1 false 5 0
L 320 -240 320 -384 0 0 false 5 0
L 416 -240 416 -384 0 0 false 5 0
L 512 -240 512 -384 0 0 false 5 0
M 944 1184 1056 1184 0 2.5
