$ 1 0.000005 10.20027730826997 50 5 50 5e-11
154 576 272 688 272 0 2 0 5
154 576 368 688 368 0 2 0 5
w 576 256 528 256 0
w 528 256 480 256 0
w 576 352 528 352 0
w 528 352 480 352 0
w 480 352 432 352 0
w 432 384 384 384 0
w 480 384 432 384 0
w 528 384 480 384 0
w 576 384 528 384 0
w 480 256 480 144 0
w 432 288 432 144 0
w 432 352 432 288 0
w 384 384 384 288 0
w 384 288 384 144 0
w 688 272 784 272 0
w 688 368 784 368 0
x 546 121 566 124 4 24 I0
x 492 121 512 124 4 24 I1
x 440 121 460 124 4 24 I2
x 392 122 412 125 4 24 I3
x 800 280 829 283 4 24 Y0
x 797 377 826 380 4 24 Y1
w 480 288 384 288 0
w 576 288 480 288 0
L 480 144 480 48 0 0 false 5 0
L 432 144 432 48 0 0 false 5 0
L 384 144 384 48 0 0 false 5 0
